9899, 7857
1989, 17873
192239 , 27042
73906 , 102190
2614 , 59361
19629 , 79626
5349 , 258924
80683 , 148288
17208 , 86677
250002 , 47034
214529 , 173886
43452 , 39353
69275 , 127837
93042 , 264120
65419 , 156702
213271 , 93066
222952 , 111290
194038 , 146771
163116 , 247686
189383 , 236408
29156 , 216320
82280 , 112678
122988 , 52826
246137 , 254536
158243 , 204913
175418 , 62345
219765 , 140938
49446 , 204864
100295 , 240668
115873 , 140148
161825 , 169448
49793 , 203316
128143 , 22388
48244 , 74447
13304 , 83272
404 , 111436
121254 , 197789
79182 , 4793
91880 , 157162
152015 , 181776
8649 , 241394
34771 , 152434
106539 , 145835
101472 , 18031
245032 , 198693
43944 , 127482
178839 , 185462
52592 , 79610
204985 , 216280
97552 , 251704